ResultadoCorrecciones
0.000550297036675796
0.000364099291015543
0.000124325129409
7.95964982652362e-05
0.000128133165060473
0.000111499043376126
0.000114815629065052
0.000113094148010436
0.00012296993092735
0.000106763814663007
4.6364982422801e-05
4.64492739257018e-05
6.74914018717964e-05
7.71025657496571e-05
0.000271007032265764
0.000319234981514197
7.1418973780671e-05
6.86211852391655e-05
0.000125362695438554
0.000122214751368292
8.50764582059843e-05
8.52272531593243e-05
0.000125687353006196
6.91587737879973e-05
0.000103697650661603
0.000146835633650088
0.000109340100575406
0.00011398899624069
2.84335181709695e-05
0.000137165962569165
