ResultadoCorrecciones
3.00005627032848e-05
6.664635163449e-06
6.87011506931227e-06
7.60692859772994e-06
6.58201198444194e-06
5.93929229494983e-06
5.81520600098559e-06
6.20438983785758e-06
6.48751405663622e-06
6.69285944280598e-06
6.59738786666287e-06
7.34636178390863e-06
6.76235555595686e-06
6.35737553142217e-06
6.35155921828732e-06
7.36158850042095e-06
1.02339805129028e-05
6.85977011510587e-06
6.77536598926166e-06
6.53956410355503e-06
6.80861560526753e-06
6.76678290485785e-06
6.63617956028491e-06
6.65203851972344e-06
6.46151703700503e-06
6.9479061638367e-06
6.6957366330601e-06
6.87168195491218e-06
6.80440851786048e-06
7.33495784682804e-06
