ResultadoCorrecciones
0.000255998787365313
7.77004403976455e-05
9.09923550705477e-06
7.31854562239706e-06
7.62383740842712e-06
7.33603894657756e-06
7.44021250228338e-06
2.59428949751172e-05
3.43645321335451e-05
4.84963094040599e-05
8.62521203679735e-06
1.21111024690649e-05
9.18605229319592e-06
1.56883575062914e-05
9.48597615285481e-06
1.86331994730006e-05
7.92792980579854e-06
6.52454419255628e-05
2.30877595499322e-05
3.42208004400781e-05
2.814159451644e-05
9.9002744768569e-06
7.84899888506032e-06
9.46890989407298e-06
1.11011655763282e-05
7.86210045488918e-06
7.84973407482621e-06
7.90303375829503e-06
7.5150449884758e-06
7.92632324567396e-06
