ResultadoCorrecciones
0.000623437043933639
0.000498569926728338
0.000360867046173716
0.000556666123428469
0.000401434435617251
0.00024447872936287
0.000628033103923288
0.000455498384721603
0.000420183122217775
0.000316833055252652
0.000807422963915687
0.000325098811877242
0.000261646622113788
0.000409004990736748
0.000459202183124009
0.000315145116486838
0.000368247328683721
0.00037824407985283
0.000392437024819779
0.000252070743929777
0.000389199101295539
0.000403797960245267
0.000370506589038472
0.000200618008963633
0.000274201721776776
0.000245351678962833
0.000145549946486046
5.50075349057444e-05
0.000303063176775425
0.000433066124548186
